"TOA5","CR300Series_3","CR300","1482","CR310-RF407.Std.10.04","CPU:Lab3_MMB_st3.CR300","6277","Table1"
"TIMESTAMP","RECORD","BattV_Avg","PTemp_C_Avg","VWC_Avg","EC_Avg","T_Avg","P_Avg","PA_Avg","VR_Avg"
"TS","RN","Volts","Deg C","m^3/m^3","dS/m","Deg C","unitless","nSec","unitless"
"","","Avg","Avg","Avg","Avg","Avg","Avg","Avg","Avg"
"2021-09-14 10:05:00",0,11.91,24.85,0,0.007,22.87,1.731,1.115,1.008
"2021-09-14 10:10:00",1,11.91,25.03,0,0.007,22.89,1.739,1.116,1.008
"2021-09-14 10:15:00",2,11.91,25.12,0,0.007,22.95,1.74,1.116,1.009
"2021-09-14 10:20:00",3,11.91,25.14,0,0.008,22.96,1.751,1.117,1.009
"2021-09-14 10:25:00",4,11.91,25.11,0,0.004,22.99,1.381,1.091,1.004
"2021-09-14 10:30:00",5,11.91,25.03,0,0,23.05,1.055,1.068,1
"2021-09-14 10:35:00",6,11.9,25.02,0,0,23.08,1.08,1.07,1
"2021-09-14 10:40:00",7,11.88,25.28,0,0,23.12,1.067,1.069,1
"2021-09-14 10:45:00",8,11.88,25.67,0.001,0.001,23.19,1.402,1.09,1
"2021-09-14 10:50:00",9,11.88,25.96,0,0,23.56,1.296,1.084,1
"2021-09-14 10:55:00",10,11.88,25.56,0,0,23.44,1.084,1.07,1
"2021-09-14 11:00:00",11,11.88,25.59,0,0,23.36,1.091,1.069,1
"2021-09-14 16:40:00",12,11.13,23.26,"NAN","NAN","NAN","NAN","NAN","NAN"
"2021-09-14 16:45:00",13,11.92,24.35,0.02,0.066,23.12,2.615,1.191,1.082
"2021-09-14 16:56:30",0,11.89,25.35,0.018,0.064,23.01,2.555,1.187,1.079
"2021-09-14 16:56:45",1,11.9,25.34,0.018,0.064,23.01,2.553,1.187,1.079
"2021-09-14 16:57:00",2,11.9,25.39,0.018,0.064,23.01,2.553,1.187,1.079
"2021-09-14 16:57:15",3,11.92,25.4,0.018,0.064,23.01,2.553,1.187,1.079
"2021-09-14 16:57:30",4,11.9,25.4,0.018,0.064,23,2.554,1.187,1.079
"2021-09-14 16:57:45",5,11.88,25.41,0.018,0.064,23,2.556,1.187,1.079
"2021-09-14 16:58:00",6,11.89,25.46,0.018,0.064,23,2.562,1.187,1.079
"2021-09-14 16:58:15",7,11.89,25.48,0.018,0.064,23,2.557,1.187,1.079
"2021-09-14 16:58:30",8,11.89,25.48,0.018,0.064,23,2.554,1.187,1.079
"2021-09-14 16:58:45",9,11.88,25.49,0.018,0.064,23,2.557,1.187,1.079
"2021-09-14 16:59:00",10,11.9,25.54,0.018,0.064,23,2.559,1.187,1.079
"2021-09-14 16:59:15",11,11.89,25.57,0.018,0.064,22.99,2.559,1.187,1.079
"2021-09-14 16:59:30",12,11.88,25.56,0.018,0.064,22.99,2.554,1.187,1.079
"2021-09-14 16:59:45",13,11.88,25.57,0.018,0.064,22.99,2.554,1.187,1.079
"2021-09-14 17:00:00",14,11.88,25.6,0.018,0.064,22.99,2.555,1.187,1.079
"2021-09-14 17:00:15",15,11.89,25.64,0.018,0.064,22.99,2.551,1.187,1.079
"2021-09-14 17:00:30",16,11.89,25.66,0.018,0.064,22.99,2.552,1.187,1.079
"2021-09-14 17:00:45",17,11.89,25.66,0.018,0.064,22.99,2.555,1.187,1.079
"2021-09-14 17:01:00",18,11.88,25.68,0.018,0.064,22.99,2.555,1.187,1.079
"2021-09-14 17:01:15",19,11.89,25.72,0.018,0.064,22.98,2.554,1.187,1.079
"2021-09-14 17:01:30",20,11.89,25.74,0.018,0.064,22.99,2.555,1.187,1.079
"2021-09-14 17:01:45",21,11.89,25.75,0.018,0.064,22.98,2.554,1.187,1.079
"2021-09-14 17:02:00",22,11.88,25.75,0.019,0.064,22.98,2.571,1.188,1.079
"2021-09-14 17:02:15",23,11.89,25.79,0.019,0.064,22.98,2.579,1.188,1.079
"2021-09-14 17:02:30",24,11.89,25.82,0.019,0.064,22.97,2.576,1.188,1.079
"2021-09-14 17:02:45",25,11.89,25.82,0.019,0.064,22.98,2.574,1.188,1.078
"2021-09-14 17:03:00",26,11.89,25.82,0.019,0.064,22.98,2.579,1.188,1.079
"2021-09-14 17:03:15",27,11.88,25.83,0.019,0.064,22.98,2.576,1.188,1.079
"2021-09-14 17:03:30",28,11.89,25.87,0.019,0.064,22.98,2.578,1.188,1.079
"2021-09-14 17:03:45",29,11.89,25.87,0.019,0.064,22.98,2.574,1.188,1.078
"2021-09-14 17:04:00",30,11.89,25.87,0.018,0.064,22.98,2.567,1.187,1.079
"2021-09-14 17:04:15",31,11.88,25.87,0.018,0.064,22.98,2.567,1.187,1.079
"2021-09-14 17:04:30",32,11.89,25.91,0.019,0.064,22.98,2.578,1.188,1.079
"2021-09-14 17:04:45",33,11.89,25.92,0.018,0.064,22.98,2.558,1.187,1.079
"2021-09-14 17:05:00",34,11.89,25.92,0.018,0.064,22.97,2.555,1.187,1.078
"2021-09-14 17:05:15",35,11.87,25.91,0.018,0.064,22.98,2.565,1.187,1.078
"2021-09-14 17:05:30",36,11.9,25.94,0.019,0.063,22.98,2.575,1.188,1.078
"2021-09-14 17:05:45",37,11.91,25.97,0.018,0.063,22.97,2.556,1.187,1.078
"2021-09-14 17:06:00",38,11.92,25.98,0.018,0.063,22.98,2.556,1.187,1.078
"2021-09-14 17:06:15",39,11.92,25.98,0.018,0.063,22.97,2.563,1.187,1.078
"2021-09-14 17:06:30",40,11.91,25.97,0.019,0.064,22.98,2.576,1.188,1.078
"2021-09-14 17:06:45",41,11.91,25.97,0.018,0.063,22.97,2.568,1.187,1.078
"2021-09-14 17:07:00",42,11.92,25.96,0.018,0.063,22.97,2.57,1.187,1.078
"2021-09-14 17:07:15",43,11.92,25.95,0.018,0.063,22.97,2.568,1.187,1.078
"2021-09-14 17:07:30",44,11.91,25.95,0.019,0.064,22.96,2.578,1.188,1.079
"2021-09-14 17:07:45",45,11.92,25.97,0.019,0.064,22.97,2.601,1.189,1.078
"2021-09-14 17:08:00",46,11.92,25.97,0.019,0.063,22.97,2.603,1.189,1.078
"2021-09-14 17:08:15",47,11.92,25.94,0.019,0.064,22.97,2.603,1.189,1.078
"2021-09-14 17:08:30",48,11.91,25.92,0.02,0.064,22.97,2.617,1.19,1.078
"2021-09-14 17:08:45",49,11.92,25.91,0.021,0.063,22.97,2.651,1.191,1.078
"2021-09-14 17:09:00",50,11.92,25.92,0.021,0.063,22.97,2.651,1.191,1.078
"2021-09-14 17:09:15",51,11.93,25.9,0.018,0.057,22.96,2.462,1.177,1.07
"2021-09-14 17:09:30",52,11.92,25.88,0,0,22.96,1.012,1.064,1
"2021-09-14 17:09:45",53,11.91,25.85,0,0,22.97,1,1.064,1
"2021-09-14 17:10:00",54,11.92,25.85,0,0,22.98,1,1.064,1
"2021-09-14 17:10:15",55,11.91,25.85,0,0,23.01,1.001,1.065,1
"2021-09-14 17:10:30",56,11.89,25.84,0,0,23.05,1,1.065,1
"2021-09-14 17:10:45",57,11.88,25.83,0,0,23.1,1,1.065,1
"2021-09-14 17:11:00",58,11.91,25.87,0,0,23.14,1.001,1.065,1
"2021-09-14 17:11:15",59,11.92,25.89,0.002,0.002,23.18,1.186,1.076,1.003
"2021-09-14 17:11:30",60,11.92,25.89,0.078,0.04,23.22,4.923,1.283,1.05
"2021-09-14 17:11:45",61,11.91,25.87,0.08,0.041,23.26,5.019,1.287,1.05
"2021-09-14 17:12:00",62,11.92,25.85,0.08,0.041,23.29,5.011,1.287,1.05
"2021-09-14 17:12:15",63,11.92,25.85,0.08,0.041,23.31,5.016,1.287,1.05
"2021-09-14 17:12:30",64,11.92,25.81,0.08,0.041,23.32,5.012,1.287,1.05
"2021-09-14 17:12:45",65,11.92,25.76,0.08,0.041,23.32,5.014,1.287,1.05
"2021-09-14 17:13:00",66,11.91,25.71,0.08,0.041,23.32,5.014,1.287,1.05
"2021-09-14 17:13:15",67,11.91,25.7,0.08,0.041,23.3,5.014,1.287,1.05
"2021-09-14 17:13:30",68,11.91,25.67,0.08,0.041,23.28,5.01,1.287,1.051
"2021-09-14 17:13:45",69,11.92,25.62,0.043,0.023,23.27,3.278,1.193,1.029
"2021-09-14 17:14:00",70,11.9,25.57,0.008,0.009,23.27,1.678,1.107,1.011
"2021-09-14 17:14:15",71,11.92,25.55,0,0.001,23.26,1.132,1.072,1.001
"2021-09-14 17:14:30",72,11.92,25.52,0.01,0.009,23.28,1.622,1.097,1.011
"2021-09-14 17:14:45",73,11.92,25.45,0.125,0.083,23.29,6.997,1.359,1.102
"2021-09-14 17:15:00",74,11.91,25.39,0.159,0.102,23.3,8.55,1.427,1.126
"2021-09-14 17:15:15",75,11.91,25.33,0.158,0.101,23.31,8.49,1.425,1.125
"2021-09-14 17:15:30",76,11.91,25.29,0.158,0.101,23.32,8.49,1.425,1.125
"2021-09-14 17:15:45",77,11.91,25.24,0.158,0.102,23.32,8.48,1.425,1.126
"2021-09-14 17:16:00",78,11.91,25.19,0.158,0.102,23.3,8.48,1.425,1.126
"2021-09-14 17:16:15",79,11.9,25.17,0.158,0.102,23.3,8.48,1.425,1.126
"2021-09-14 17:16:30",80,11.92,25.19,0.158,0.102,23.28,8.48,1.425,1.126
"2021-09-14 17:16:45",81,11.92,25.16,0.158,0.102,23.26,8.48,1.425,1.126
"2021-09-14 17:17:00",82,11.92,25.1,0.158,0.102,23.25,8.51,1.426,1.126
"2021-09-14 17:17:15",83,11.9,25.05,0.158,0.102,23.23,8.52,1.426,1.126
"2021-09-14 17:17:30",84,11.92,25.03,0.158,0.102,23.22,8.52,1.426,1.127
"2021-09-14 17:17:45",85,11.92,25,0.158,0.102,23.2,8.52,1.426,1.127
"2021-09-14 17:18:00",86,11.92,24.94,0.158,0.102,23.19,8.51,1.426,1.127
"2021-09-14 17:18:15",87,11.91,24.88,0.158,0.102,23.15,8.51,1.426,1.127
"2021-09-14 17:18:30",88,11.91,24.84,0.158,0.102,23.14,8.51,1.426,1.127
"2021-09-14 17:18:45",89,11.92,24.83,0.158,0.103,23.12,8.51,1.426,1.127
"2021-09-14 17:19:00",90,11.92,24.79,0.158,0.102,23.1,8.51,1.426,1.127
"2021-09-14 17:19:15",91,11.91,24.74,0.158,0.103,23.09,8.51,1.426,1.127
"2021-09-14 17:19:30",92,11.87,24.69,0.158,0.103,23.07,8.51,1.426,1.127
"2021-09-14 17:19:45",93,11.88,24.67,0.158,0.103,23.05,8.51,1.426,1.127
"2021-09-14 17:20:00",94,11.88,24.64,0.158,0.103,23.05,8.51,1.426,1.127
"2021-09-14 17:20:15",95,11.88,24.6,0.158,0.103,23.03,8.51,1.426,1.127
"2021-09-14 17:20:30",96,11.87,24.57,0.158,0.103,23.02,8.51,1.426,1.127
"2021-09-14 17:20:45",97,11.88,24.58,0.158,0.103,23,8.51,1.426,1.127
"2021-09-14 17:21:00",98,11.88,24.58,0.158,0.103,22.99,8.51,1.426,1.127
"2021-09-14 17:21:15",99,11.88,24.55,0.158,0.103,22.97,8.51,1.426,1.127
"2021-09-14 17:21:30",100,11.87,24.53,0.158,0.103,22.95,8.51,1.426,1.127
"2021-09-14 17:21:45",101,11.88,24.53,0.158,0.103,22.93,8.51,1.426,1.127
"2021-09-14 17:22:00",102,11.88,24.54,0.158,0.103,22.91,8.51,1.426,1.127
"2021-09-14 17:22:15",103,11.88,24.52,0.158,0.103,22.9,8.51,1.426,1.127
"2021-09-14 17:22:30",104,11.88,24.49,0.158,0.103,22.88,8.51,1.426,1.127
"2021-09-14 17:22:45",105,11.86,24.47,0.158,0.103,22.86,8.51,1.426,1.127
"2021-09-14 17:23:00",106,11.88,24.48,0.158,0.103,22.85,8.51,1.426,1.127
"2021-09-14 17:23:15",107,11.88,24.47,0.158,0.103,22.83,8.51,1.426,1.127
"2021-09-14 17:23:30",108,11.88,24.44,0.158,0.103,22.81,8.51,1.426,1.127
"2021-09-14 17:23:45",109,11.87,24.41,0.158,0.103,22.79,8.51,1.426,1.127
"2021-09-14 17:24:00",110,11.88,24.42,0.158,0.103,22.78,8.51,1.426,1.127
"2021-09-14 17:24:15",111,11.88,24.41,0.158,0.103,22.77,8.51,1.426,1.127
"2021-09-14 17:24:30",112,11.88,24.39,0.158,0.103,22.75,8.51,1.426,1.127
"2021-09-14 17:24:45",113,11.87,24.36,0.158,0.103,22.74,8.51,1.426,1.127
"2021-09-14 17:25:00",114,11.87,24.36,0.158,0.103,22.72,8.51,1.426,1.127
"2021-09-14 17:25:15",115,11.88,24.37,0.158,0.103,22.71,8.51,1.426,1.127
"2021-09-14 17:25:30",116,11.88,24.35,0.158,0.103,22.69,8.51,1.426,1.127
"2021-09-14 17:25:45",117,11.88,24.32,0.158,0.103,22.68,8.51,1.426,1.127
"2021-09-14 17:26:00",118,11.87,24.3,0.158,0.103,22.66,8.51,1.426,1.127
"2021-09-14 17:26:15",119,11.88,24.32,0.158,0.103,22.64,8.51,1.426,1.127
"2021-09-14 17:26:30",120,11.88,24.31,0.158,0.103,22.63,8.51,1.426,1.127
"2021-09-14 17:26:45",121,11.88,24.28,0.158,0.103,22.62,8.51,1.426,1.127
"2021-09-14 17:27:00",122,11.87,24.25,0.158,0.103,22.6,8.51,1.426,1.127
"2021-09-14 17:27:15",123,11.87,24.26,0.158,0.103,22.58,8.51,1.426,1.127
"2021-09-14 17:27:30",124,11.88,24.26,0.158,0.103,22.57,8.51,1.426,1.127
"2021-09-14 17:27:45",125,11.88,24.24,0.158,0.103,22.56,8.51,1.426,1.127
"2021-09-14 17:28:00",126,11.86,24.21,0.158,0.103,22.55,8.51,1.426,1.127
"2021-09-14 17:28:15",127,11.87,24.21,0.158,0.103,22.54,8.51,1.426,1.127
"2021-09-14 17:28:30",128,11.87,24.23,0.182,0.112,22.53,9.67,1.464,1.139
"2021-09-14 17:28:45",129,11.88,24.21,0.184,0.113,22.51,9.76,1.467,1.14
"2021-09-14 17:29:00",130,11.87,24.19,0.184,0.113,22.5,9.76,1.467,1.14
"2021-09-14 17:29:15",131,11.86,24.17,0.184,0.113,22.5,9.76,1.467,1.14
"2021-09-14 17:29:30",132,11.87,24.2,0.184,0.113,22.49,9.77,1.467,1.14
"2021-09-14 17:29:45",133,11.87,24.19,0.184,0.113,22.48,9.8,1.468,1.14
"2021-09-14 17:30:00",134,11.87,24.16,0.184,0.113,22.46,9.8,1.468,1.14
"2021-09-14 17:30:15",135,11.87,24.14,0.184,0.113,22.45,9.8,1.468,1.14
"2021-09-14 17:30:30",136,11.87,24.15,0.184,0.113,22.43,9.8,1.468,1.14
"2021-09-14 17:30:45",137,11.87,24.15,0.184,0.113,22.43,9.8,1.468,1.14
"2021-09-14 17:31:00",138,11.87,24.13,0.184,0.113,22.42,9.8,1.468,1.14
"2021-09-14 17:31:15",139,11.87,24.11,0.184,0.113,22.4,9.8,1.468,1.14
"2021-09-14 17:31:30",140,11.87,24.11,0.184,0.113,22.39,9.77,1.467,1.14
"2021-09-14 17:31:45",141,11.87,24.13,0.014,0.007,22.38,1.944,1.112,1.009
"2021-09-14 17:32:00",142,11.87,24.11,0.126,0.114,22.4,8.12,1.317,1.142
"2021-09-14 17:32:15",143,11.87,24.12,0.384,0.374,22.53,23.35,1.819,1.466
"2021-09-14 17:32:30",144,11.86,24.16,0.385,0.378,22.66,23.46,1.822,1.472
"2021-09-14 17:32:45",145,11.87,24.25,0.385,0.379,22.74,23.47,1.822,1.472
"2021-09-14 17:33:00",146,11.87,24.31,0.385,0.379,22.8,23.47,1.822,1.473
"2021-09-14 17:33:15",147,11.87,24.36,0.385,0.379,22.84,23.47,1.822,1.473
"2021-09-14 17:33:30",148,11.87,24.41,0.385,0.379,22.89,23.47,1.822,1.473
"2021-09-14 17:33:45",149,11.87,24.49,0.385,0.379,22.93,23.47,1.822,1.473
"2021-09-14 17:34:00",150,11.87,24.56,0.385,0.38,22.97,23.47,1.822,1.473
"2021-09-14 17:34:15",151,11.87,24.61,0.385,0.38,23,23.47,1.822,1.473
"2021-09-14 17:34:30",152,11.86,24.67,0.385,0.38,23.03,23.47,1.822,1.473
"2021-09-14 17:34:45",153,11.87,24.74,0.385,0.38,23.06,23.44,1.821,1.473
"2021-09-14 17:35:00",154,11.86,24.83,0.384,0.38,23.1,23.42,1.821,1.474
"2021-09-14 17:35:15",155,11.87,24.89,0.384,0.38,23.12,23.42,1.821,1.474
"2021-09-14 17:35:30",156,11.87,24.94,0.384,0.38,23.14,23.43,1.821,1.474
"2021-09-14 17:35:45",157,11.87,25,0.385,0.38,23.16,23.46,1.822,1.474
"2021-09-14 17:36:00",158,11.87,25.1,0.385,0.38,23.17,23.47,1.822,1.474
"2021-09-14 17:36:15",159,11.87,25.14,0.385,0.38,23.18,23.48,1.822,1.474
"2021-09-14 17:36:30",160,11.88,25.17,0.385,0.38,23.19,23.47,1.822,1.474
"2021-09-14 17:36:45",161,11.87,25.19,0.385,0.38,23.19,23.48,1.822,1.474
"2021-09-14 17:37:00",162,11.88,25.25,0.385,0.38,23.21,23.48,1.822,1.474
"2021-09-14 17:37:15",163,11.88,25.3,0.404,0.409,23.23,25.42,1.862,1.51
"2021-09-14 17:37:30",164,11.88,25.34,0.411,0.421,23.3,26.1,1.875,1.524
"2021-09-14 17:37:45",165,11.87,25.37,0.41,0.423,23.35,25.97,1.873,1.528
"2021-09-14 17:38:00",166,11.87,25.42,0.409,0.425,23.36,25.86,1.871,1.529
"2021-09-14 17:38:15",167,11.88,25.49,0.408,0.426,23.37,25.83,1.87,1.531
"2021-09-14 17:38:30",168,11.88,25.53,0.408,0.426,23.37,25.77,1.869,1.531
"2021-09-14 17:38:45",169,11.88,25.57,0.407,0.427,23.36,25.69,1.868,1.532
"2021-09-14 17:39:00",170,11.86,25.61,0.406,0.427,23.34,25.63,1.867,1.533
"2021-09-14 17:39:15",171,11.86,25.69,0.406,0.428,23.33,25.6,1.866,1.534
"2021-09-14 17:39:30",172,11.87,25.75,0.406,0.429,23.3,25.59,1.866,1.535
"2021-09-14 17:39:45",173,11.88,25.78,0.406,0.43,23.25,25.61,1.866,1.536
"2021-09-14 17:40:00",174,11.86,25.82,0.407,0.43,23.21,25.65,1.867,1.536
"2021-09-14 17:40:15",175,11.88,25.91,0.407,0.431,23.18,25.65,1.867,1.537
"2021-09-14 17:40:30",176,11.88,25.98,0.407,0.431,23.15,25.63,1.867,1.538
"2021-09-14 17:40:45",177,11.88,26.03,0.407,0.432,23.11,25.64,1.867,1.539
"2021-09-14 17:41:00",178,11.87,26.08,0.407,0.432,23.08,25.64,1.867,1.539
"2021-09-14 17:41:15",179,11.88,26.15,0.407,0.432,23.07,25.64,1.867,1.539
"2021-09-14 17:41:30",180,11.88,26.24,0.407,0.433,23.04,25.69,1.868,1.54
"2021-09-14 17:41:45",181,11.88,26.31,0.407,0.433,23,25.7,1.868,1.54
"2021-09-14 17:42:00",182,11.88,26.36,0.407,0.433,22.99,25.7,1.868,1.54
"2021-09-14 17:42:15",183,11.87,26.43,0.407,0.433,22.99,25.7,1.868,1.541
"2021-09-14 17:42:30",184,11.88,26.55,0.407,0.434,22.97,25.7,1.868,1.541
"2021-09-14 17:42:45",185,11.88,26.63,0.407,0.434,22.94,25.7,1.868,1.541
"2021-09-14 17:43:00",186,11.88,26.69,0.407,0.434,22.9,25.7,1.868,1.541
"2021-09-14 17:43:15",187,11.87,26.75,0.407,0.434,22.88,25.7,1.868,1.541
"2021-09-14 17:43:30",188,11.86,26.85,0.407,0.434,22.87,25.69,1.868,1.542
"2021-09-14 17:43:45",189,11.86,26.94,0.407,0.434,22.87,25.69,1.868,1.542
"2021-09-14 17:44:00",190,11.88,27.01,0.407,0.434,22.85,25.69,1.868,1.542
"2021-09-14 17:44:15",191,11.88,27.07,0.407,0.434,22.82,25.69,1.868,1.542
"2021-09-14 17:44:30",192,11.88,27.15,0.407,0.434,22.8,25.69,1.868,1.542
"2021-09-14 17:44:45",193,11.88,27.25,0.407,0.434,22.77,25.69,1.868,1.542
"2021-09-14 17:45:00",194,11.88,27.31,0.407,0.434,22.75,25.69,1.868,1.542
"2021-09-14 17:45:15",195,11.88,27.36,0.407,0.434,22.73,25.69,1.868,1.542
"2021-09-14 17:45:30",196,11.87,27.42,0.407,0.435,22.72,25.69,1.868,1.542
"2021-09-14 17:45:45",197,11.88,27.5,0.407,0.434,22.71,25.69,1.868,1.542
"2021-09-14 17:46:00",198,11.88,27.56,0.407,0.435,22.7,25.69,1.868,1.542
"2021-09-14 17:46:15",199,11.88,27.6,0.407,0.434,22.69,25.69,1.868,1.541
"2021-09-14 17:46:30",200,11.87,27.64,0.407,0.434,22.69,25.69,1.868,1.542
"2021-09-14 17:46:45",201,11.88,27.72,0.407,0.434,22.7,25.69,1.868,1.542
"2021-09-14 17:47:00",202,11.88,27.79,0.407,0.434,22.7,25.69,1.868,1.542
"2021-09-14 17:47:15",203,11.88,27.84,0.407,0.434,22.69,25.69,1.868,1.542
"2021-09-14 17:47:30",204,11.88,27.87,0.407,0.434,22.68,25.69,1.868,1.542
"2021-09-14 17:47:45",205,11.88,27.94,0.407,0.435,22.67,25.69,1.868,1.542
"2021-09-14 17:48:00",206,11.88,28.01,0.407,0.434,22.65,25.69,1.868,1.542
"2021-09-14 17:48:15",207,11.88,28.05,0.407,0.435,22.65,25.7,1.869,1.542
"2021-09-14 17:48:30",208,11.88,28.09,0.407,0.435,22.64,25.72,1.869,1.542
"2021-09-14 17:48:45",209,11.88,28.14,0.408,0.435,22.63,25.74,1.869,1.542
"2021-09-14 17:49:00",210,11.88,28.22,0.408,0.435,22.61,25.75,1.87,1.543
"2021-09-14 17:49:15",211,11.88,28.27,0.408,0.435,22.61,25.75,1.87,1.543
"2021-09-14 17:49:30",212,11.89,28.3,0.408,0.435,22.59,25.75,1.87,1.543
"2021-09-14 17:49:45",213,11.87,28.33,0.408,0.435,22.57,25.75,1.87,1.543
"2021-09-14 17:50:00",214,11.88,28.39,0.408,0.435,22.56,25.75,1.87,1.543
"2021-09-14 17:50:15",215,11.89,28.42,0.408,0.435,22.56,25.75,1.87,1.543
"2021-09-14 17:50:30",216,11.89,28.43,0.408,0.435,22.54,25.75,1.87,1.542
"2021-09-14 17:50:45",217,11.88,28.43,0.408,0.435,22.53,25.75,1.87,1.542
"2021-09-14 17:51:00",218,11.88,28.47,0.408,0.435,22.52,25.75,1.87,1.543
"2021-09-14 17:51:15",219,11.89,28.52,0.408,0.435,22.51,25.75,1.87,1.542
"2021-09-14 17:51:30",220,11.87,28.54,0.408,0.435,22.51,25.75,1.87,1.543
"2021-09-14 17:51:45",221,11.86,28.55,0.408,0.435,22.5,25.75,1.87,1.543
"2021-09-14 17:52:00",222,11.87,28.57,0.408,0.435,22.49,25.74,1.869,1.542
"2021-09-14 17:52:15",223,11.89,28.61,0.408,0.435,22.49,25.74,1.869,1.542
"2021-09-14 17:52:30",224,11.89,28.63,0.408,0.435,22.48,25.75,1.87,1.543
"2021-09-14 17:52:45",225,11.89,28.64,0.408,0.435,22.48,25.75,1.87,1.542
"2021-09-14 17:53:00",226,11.87,28.64,0.408,0.435,22.48,25.75,1.87,1.543
"2021-09-14 17:53:15",227,11.89,28.67,0.408,0.435,22.48,25.75,1.87,1.543
"2021-09-14 17:53:30",228,11.89,28.69,0.408,0.435,22.47,25.75,1.87,1.543
"2021-09-14 17:53:45",229,11.89,28.67,0.408,0.435,22.46,25.75,1.87,1.543
"2021-09-14 17:54:00",230,11.87,28.64,0.408,0.435,22.45,25.75,1.87,1.542
"2021-09-14 17:54:15",231,11.88,28.65,0.408,0.435,22.45,25.75,1.87,1.542
"2021-09-14 17:54:30",232,11.89,28.67,0.408,0.435,22.44,25.75,1.87,1.542
"2021-09-14 17:54:45",233,11.89,28.66,0.408,0.435,22.44,25.75,1.87,1.542
"2021-09-14 17:55:00",234,11.89,28.65,0.408,0.435,22.43,25.75,1.87,1.542
"2021-09-14 17:55:15",235,11.88,28.65,0.408,0.435,22.44,25.75,1.87,1.542
"2021-09-14 17:55:30",236,11.85,28.67,0.408,0.435,22.44,25.75,1.87,1.542
"2021-09-14 17:55:45",237,11.88,28.67,0.408,0.435,22.44,25.75,1.87,1.542
"2021-09-14 17:56:00",238,11.88,28.65,0.408,0.435,22.43,25.73,1.869,1.542
"2021-09-14 17:56:15",239,11.87,28.63,0.408,0.435,22.43,25.75,1.87,1.542
"2021-09-14 17:56:30",240,11.89,28.65,0.408,0.435,22.42,25.75,1.87,1.542
"2021-09-14 17:56:45",241,11.89,28.65,0.408,0.435,22.42,25.75,1.87,1.542
"2021-09-14 17:57:00",242,11.89,28.64,0.408,0.435,22.41,25.75,1.87,1.542
"2021-09-14 17:57:15",243,11.88,28.62,0.407,0.435,22.39,25.73,1.869,1.542
"2021-09-14 17:57:30",244,11.88,28.62,0.407,0.435,22.37,25.73,1.869,1.542
"2021-09-14 17:57:45",245,11.89,28.63,0.407,0.434,22.35,25.73,1.869,1.542
"2021-09-14 17:58:00",246,11.89,28.61,0.407,0.435,22.33,25.72,1.869,1.542
"2021-09-14 17:58:15",247,11.89,28.57,0.407,0.434,22.31,25.71,1.869,1.542
"2021-09-14 17:58:30",248,11.88,28.54,0.407,0.435,22.29,25.71,1.869,1.542
"2021-09-14 17:58:45",249,11.89,28.53,0.407,0.435,22.27,25.71,1.869,1.542
"2021-09-14 17:59:00",250,11.89,28.51,0.407,0.435,22.25,25.69,1.868,1.542
"2021-09-14 17:59:15",251,11.89,28.46,0.407,0.435,22.23,25.69,1.868,1.542
"2021-09-14 17:59:30",252,11.88,28.42,0.407,0.435,22.21,25.69,1.868,1.542
"2021-09-14 17:59:45",253,11.88,28.4,0.407,0.435,22.19,25.69,1.868,1.542
"2021-09-14 18:00:00",254,11.89,28.37,0.407,0.435,22.16,25.69,1.868,1.542
"2021-09-14 18:00:15",255,11.89,28.32,0.407,0.434,22.15,25.69,1.868,1.542
"2021-09-14 18:00:30",256,11.88,28.27,0.407,0.434,22.12,25.69,1.868,1.542
"2021-09-14 18:00:45",257,11.88,28.23,0.407,0.434,22.11,25.69,1.868,1.542
"2021-09-14 18:01:00",258,11.88,28.22,0.407,0.435,22.09,25.69,1.868,1.542
"2021-09-14 18:01:15",259,11.88,28.16,0.407,0.435,22.07,25.69,1.868,1.542
"2021-09-14 18:01:30",260,11.88,28.11,0.407,0.435,22.05,25.69,1.868,1.542
"2021-09-14 18:01:45",261,11.87,28.05,0.408,0.435,22.04,25.74,1.869,1.543
"2021-09-14 18:02:00",262,11.88,28.01,0.408,0.435,22.01,25.74,1.869,1.543
"2021-09-14 18:02:15",263,11.88,27.94,0.408,0.435,22,25.75,1.87,1.542
"2021-09-14 18:02:30",264,11.88,27.87,0.408,0.435,21.98,25.75,1.87,1.542
"2021-09-14 18:02:45",265,11.87,27.79,0.407,0.435,21.97,25.7,1.868,1.542
"2021-09-14 18:03:00",266,11.88,27.74,0.407,0.435,21.96,25.69,1.868,1.542
"2021-09-14 18:03:15",267,11.88,27.68,0.407,0.435,21.94,25.69,1.868,1.542
"2021-09-14 18:03:30",268,11.88,27.6,0.407,0.435,21.94,25.69,1.868,1.542
"2021-09-14 18:03:45",269,11.88,27.52,0.407,0.434,21.93,25.69,1.868,1.542
"2021-09-14 18:04:00",270,11.88,27.46,0.407,0.434,21.9,25.69,1.868,1.542
"2021-09-14 18:04:15",271,11.88,27.42,0.407,0.435,21.89,25.69,1.868,1.542
"2021-09-14 18:04:30",272,11.88,27.34,0.407,0.434,21.87,25.69,1.868,1.542
"2021-09-14 18:04:45",273,11.88,27.26,0.407,0.434,21.85,25.69,1.868,1.542
"2021-09-14 18:05:00",274,11.87,27.19,0.407,0.434,21.83,25.69,1.868,1.542
"2021-09-14 18:05:15",275,11.88,27.16,0.407,0.434,21.81,25.69,1.868,1.542
"2021-09-14 18:05:30",276,11.88,27.11,0.407,0.434,21.79,25.69,1.868,1.542
"2021-09-14 18:05:45",277,11.88,27.05,0.407,0.435,21.78,25.69,1.868,1.542
"2021-09-14 18:06:00",278,11.87,26.98,0.407,0.434,21.75,25.69,1.868,1.542
"2021-09-14 18:06:15",279,11.88,26.95,0.407,0.434,21.72,25.69,1.868,1.542
"2021-09-14 18:06:30",280,11.88,26.92,0.407,0.435,21.71,25.7,1.869,1.542
"2021-09-14 18:06:45",281,11.88,26.85,0.407,0.435,21.69,25.7,1.868,1.542
"2021-09-14 18:07:00",282,11.87,26.79,0.407,0.434,21.68,25.69,1.868,1.542
"2021-09-14 18:07:15",283,11.87,26.76,0.417,0.435,21.66,26.81,1.889,1.543
"2021-09-14 18:07:30",284,11.88,26.74,0.417,0.436,21.71,26.8,1.889,1.543
"2021-09-14 18:07:45",285,11.88,26.7,0.416,0.436,21.77,26.68,1.887,1.544
"2021-09-14 18:08:00",286,11.88,26.64,0.416,0.436,21.78,26.6,1.885,1.543
"2021-09-14 18:08:15",287,11.86,26.6,0.415,0.436,21.77,26.55,1.884,1.544
"2021-09-14 18:08:30",288,11.88,26.58,0.415,0.436,21.77,26.51,1.884,1.544
"2021-09-14 18:08:45",289,11.88,26.54,0.414,0.436,21.76,26.47,1.883,1.544
"2021-09-14 18:09:00",290,11.88,26.48,0.414,0.436,21.73,26.47,1.883,1.544
"2021-09-14 18:09:15",291,11.86,26.42,0.414,0.437,21.72,26.47,1.883,1.545
"2021-09-14 18:09:30",292,11.87,26.4,0.414,0.437,21.71,26.47,1.883,1.545
"2021-09-14 18:09:45",293,11.87,26.38,0.414,0.437,21.7,26.45,1.883,1.545
"2021-09-14 18:10:00",294,11.87,26.32,0.414,0.437,21.67,26.41,1.882,1.545
"2021-09-14 18:10:15",295,11.87,26.27,0.414,0.437,21.67,26.41,1.882,1.545
"2021-09-14 18:10:30",296,11.87,26.24,0.414,0.437,21.66,26.41,1.882,1.546
"2021-09-14 18:10:45",297,11.87,26.23,0.413,0.437,21.64,26.38,1.881,1.546
"2021-09-14 18:11:00",298,11.87,26.18,0.413,0.438,21.64,26.35,1.881,1.546
"2021-09-14 18:11:15",299,11.87,26.13,0.413,0.438,21.61,26.35,1.881,1.546
"2021-09-14 18:11:30",300,11.86,26.09,0.413,0.438,21.59,26.35,1.881,1.546
"2021-09-14 18:11:45",301,11.87,26.08,0.413,0.438,21.57,26.29,1.88,1.547
"2021-09-14 18:12:00",302,11.87,26.04,0.413,0.438,21.55,26.28,1.88,1.547
"2021-09-14 18:12:15",303,11.87,25.99,0.413,0.439,21.52,26.28,1.88,1.547
"2021-09-14 18:12:30",304,11.86,25.94,0.413,0.439,21.5,26.34,1.881,1.547
"2021-09-14 18:12:45",305,11.87,25.92,0.413,0.439,21.47,26.34,1.881,1.548
"2021-09-14 18:13:00",306,11.87,25.9,0.413,0.439,21.46,26.34,1.881,1.548
"2021-09-14 18:13:15",307,11.87,25.85,0.413,0.439,21.43,26.34,1.881,1.548
"2021-09-14 18:13:30",308,11.86,25.8,0.413,0.44,21.42,26.34,1.881,1.548
"2021-09-14 18:13:45",309,11.86,25.77,0.413,0.439,21.4,26.34,1.881,1.548
"2021-09-14 18:14:00",310,11.87,25.76,0.413,0.44,21.38,26.34,1.881,1.548
"2021-09-14 18:14:15",311,11.87,25.72,0.413,0.44,21.37,26.34,1.881,1.549
"2021-09-14 18:14:30",312,11.87,25.68,0.413,0.44,21.35,26.34,1.881,1.548
"2021-09-14 18:14:45",313,11.87,25.65,0.413,0.44,21.33,26.34,1.881,1.549
"2021-09-14 18:15:00",314,11.87,25.65,0.413,0.44,21.31,26.34,1.881,1.549
"2021-09-14 18:15:15",315,11.87,25.63,0.413,0.44,21.29,26.34,1.881,1.549
"2021-09-14 18:15:30",316,11.87,25.58,0.413,0.44,21.26,26.31,1.88,1.549
"2021-09-14 18:15:45",317,11.85,25.54,0.413,0.44,21.24,26.34,1.881,1.549
"2021-09-14 18:16:00",318,11.87,25.53,0.413,0.44,21.22,26.34,1.881,1.549
"2021-09-14 18:16:15",319,11.87,25.51,0.413,0.44,21.2,26.34,1.881,1.549
"2021-09-14 18:16:30",320,11.87,25.46,0.413,0.44,21.18,26.34,1.881,1.549
"2021-09-14 18:16:45",321,11.86,25.42,0.413,0.44,21.16,26.34,1.881,1.549
"2021-09-14 18:17:00",322,11.86,25.39,0.413,0.44,21.14,26.34,1.881,1.549
"2021-09-14 18:17:15",323,11.87,25.39,0.413,0.44,21.13,26.34,1.881,1.549
"2021-09-14 18:17:30",324,11.87,25.35,0.413,0.44,21.1,26.34,1.881,1.549
"2021-09-14 18:17:45",325,11.87,25.31,0.413,0.44,21.07,26.34,1.881,1.549
"2021-09-14 18:18:00",326,11.85,25.27,0.413,0.44,21.05,26.34,1.881,1.549
"2021-09-14 18:18:15",327,11.86,25.28,0.413,0.44,21.04,26.34,1.881,1.549
"2021-09-14 18:18:30",328,11.86,25.25,0.413,0.44,21.01,26.34,1.881,1.549
"2021-09-14 18:18:45",329,11.87,25.21,0.413,0.44,20.98,26.33,1.881,1.549
"2021-09-14 18:19:00",330,11.86,25.17,0.413,0.44,20.96,26.34,1.881,1.549
"2021-09-14 18:19:15",331,11.87,25.16,0.413,0.44,20.93,26.34,1.881,1.549
"2021-09-14 18:19:30",332,11.87,25.15,0.413,0.44,20.9,26.34,1.881,1.549
"2021-09-14 18:19:45",333,11.87,25.11,0.413,0.44,20.88,26.34,1.881,1.549
"2021-09-14 18:20:00",334,11.86,25.07,0.413,0.44,20.86,26.34,1.881,1.549
"2021-09-14 18:20:15",335,11.86,25.04,0.413,0.44,20.84,26.34,1.881,1.549
"2021-09-14 18:20:30",336,11.87,25.04,0.413,0.44,20.81,26.34,1.881,1.549
"2021-09-14 18:20:45",337,11.87,25.01,0.413,0.44,20.79,26.34,1.881,1.549
"2021-09-14 18:21:00",338,11.87,24.97,0.413,0.44,20.76,26.34,1.881,1.549
"2021-09-14 18:21:15",339,11.85,24.93,0.413,0.44,20.75,26.34,1.881,1.549
"2021-09-14 18:21:30",340,11.86,24.93,0.413,0.44,20.73,26.34,1.881,1.549
"2021-09-14 18:21:45",341,11.86,24.91,0.413,0.44,20.72,26.34,1.881,1.549
"2021-09-14 18:22:00",342,11.83,24.86,0.413,0.44,20.7,26.34,1.881,1.549
"2021-09-14 18:22:15",343,11.85,24.83,0.413,0.44,20.7,26.34,1.881,1.549
"2021-09-14 18:22:30",344,11.86,24.82,0.413,0.44,20.68,26.34,1.881,1.549
"2021-09-14 18:22:45",345,11.86,24.81,0.413,0.439,20.67,26.28,1.88,1.548
"2021-09-14 18:23:00",346,11.87,24.77,0.413,0.44,20.66,26.28,1.88,1.549
"2021-09-14 18:23:15",347,11.86,24.73,0.413,0.44,20.65,26.32,1.88,1.549
"2021-09-14 18:23:30",348,11.86,24.72,0.413,0.44,20.64,26.34,1.881,1.549
"2021-09-14 18:23:45",349,11.86,24.72,0.413,0.44,20.63,26.34,1.881,1.549
"2021-09-14 18:24:00",350,11.86,24.69,0.413,0.44,20.61,26.34,1.881,1.549
"2021-09-14 18:24:15",351,11.86,24.66,0.413,0.44,20.6,26.34,1.881,1.549
"2021-09-14 18:24:30",352,11.85,24.63,0.413,0.44,20.58,26.34,1.881,1.549
"2021-09-14 18:24:45",353,11.86,24.64,0.413,0.44,20.57,26.34,1.881,1.549
"2021-09-14 18:25:00",354,11.86,24.62,0.413,0.44,20.57,26.3,1.88,1.549
"2021-09-14 18:25:15",355,11.86,24.59,0.413,0.44,20.55,26.34,1.881,1.549
"2021-09-14 18:25:30",356,11.85,24.55,0.413,0.44,20.53,26.34,1.881,1.549
"2021-09-14 18:25:45",357,11.86,24.55,0.413,0.44,20.52,26.34,1.881,1.549
"2021-09-14 18:26:00",358,11.86,24.55,0.413,0.44,20.51,26.34,1.881,1.549
"2021-09-14 18:26:15",359,11.84,24.52,0.413,0.44,20.49,26.34,1.881,1.549
"2021-09-14 18:26:30",360,11.86,24.49,0.413,0.44,20.48,26.31,1.88,1.549
"2021-09-14 18:26:45",361,11.86,24.47,0.413,0.44,20.47,26.27,1.88,1.549
"2021-09-14 18:27:00",362,11.86,24.48,0.413,0.44,20.46,26.32,1.881,1.549
"2021-09-14 18:27:15",363,11.86,24.46,0.413,0.44,20.45,26.28,1.88,1.549
"2021-09-14 18:27:30",364,11.86,24.43,0.413,0.44,20.44,26.28,1.88,1.549
"2021-09-14 18:27:45",365,11.85,24.41,0.413,0.44,20.43,26.28,1.88,1.549
"2021-09-14 18:28:00",366,11.86,24.43,0.413,0.44,20.43,26.28,1.88,1.549
"2021-09-14 18:28:15",367,11.86,24.42,0.413,0.44,20.41,26.28,1.88,1.549
"2021-09-14 18:28:30",368,11.86,24.39,0.413,0.44,20.41,26.28,1.88,1.549
"2021-09-14 18:28:45",369,11.84,24.36,0.413,0.44,20.39,26.28,1.88,1.549
"2021-09-14 18:29:00",370,11.86,24.37,0.413,0.44,20.39,26.28,1.88,1.549
"2021-09-14 18:29:15",371,11.86,24.37,0.413,0.44,20.37,26.28,1.88,1.549
"2021-09-14 18:29:30",372,11.86,24.35,0.413,0.44,20.36,26.28,1.88,1.549
"2021-09-14 18:29:45",373,11.85,24.32,0.413,0.44,20.35,26.28,1.88,1.549
"2021-09-14 18:30:00",374,11.86,24.32,0.413,0.44,20.34,26.28,1.88,1.549
"2021-09-14 18:30:15",375,11.86,24.33,0.413,0.44,20.32,26.28,1.88,1.549
"2021-09-14 18:30:30",376,11.86,24.3,0.413,0.44,20.32,26.28,1.88,1.549
"2021-09-14 18:30:45",377,11.86,24.27,0.413,0.44,20.3,26.28,1.88,1.549
"2021-09-14 18:31:00",378,11.84,24.25,0.413,0.44,20.29,26.27,1.88,1.549
"2021-09-14 18:31:15",379,11.86,24.26,0.412,0.44,20.28,26.27,1.879,1.549
"2021-09-14 18:31:30",380,11.86,24.25,0.413,0.44,20.26,26.28,1.88,1.549
"2021-09-14 18:31:45",381,11.86,24.22,0.413,0.44,20.26,26.28,1.88,1.549
"2021-09-14 18:32:00",382,11.85,24.2,0.413,0.44,20.25,26.28,1.88,1.549
"2021-09-14 18:32:15",383,11.86,24.2,0.413,0.44,20.23,26.28,1.88,1.549
"2021-09-14 18:32:30",384,11.86,24.2,0.413,0.44,20.22,26.28,1.88,1.549
"2021-09-14 18:32:45",385,11.86,24.18,0.413,0.44,20.22,26.28,1.88,1.549
"2021-09-14 18:33:00",386,11.85,24.15,0.413,0.439,20.22,26.28,1.88,1.548
"2021-09-14 18:33:15",387,11.86,24.14,0.413,0.44,20.21,26.28,1.88,1.548
"2021-09-14 18:33:30",388,11.86,24.16,0.413,0.44,20.21,26.28,1.88,1.548
"2021-09-14 18:33:45",389,11.86,24.14,0.413,0.439,20.21,26.28,1.88,1.548
"2021-09-14 18:34:00",390,11.86,24.11,0.413,0.44,20.2,26.28,1.88,1.548
"2021-09-14 18:34:15",391,11.85,24.1,0.413,0.439,20.2,26.28,1.88,1.548
"2021-09-14 18:34:30",392,11.86,24.12,0.413,0.439,20.2,26.28,1.88,1.548
"2021-09-14 18:34:45",393,11.85,24.11,0.413,0.439,20.19,26.28,1.88,1.548
"2021-09-14 18:35:00",394,11.86,24.08,0.413,0.439,20.19,26.28,1.88,1.548
"2021-09-14 18:35:15",395,11.85,24.06,0.413,0.439,20.19,26.28,1.88,1.548
"2021-09-14 18:35:30",396,11.86,24.08,0.413,0.439,20.18,26.28,1.88,1.548
"2021-09-14 18:35:45",397,11.86,24.08,0.413,0.439,20.17,26.28,1.88,1.548
"2021-09-14 18:36:00",398,11.86,24.06,0.413,0.439,20.15,26.28,1.88,1.548
"2021-09-14 18:36:15",399,11.85,24.03,0.413,0.439,20.14,26.28,1.88,1.548
"2021-09-14 18:36:30",400,11.85,24.03,0.413,0.439,20.14,26.28,1.88,1.548
"2021-09-14 18:36:45",401,11.86,24.05,0.413,0.439,20.12,26.28,1.88,1.548
"2021-09-14 18:37:00",402,11.86,24.03,0.413,0.439,20.12,26.28,1.88,1.547
"2021-09-14 18:37:15",403,11.86,24.01,0.412,0.439,20.11,26.27,1.879,1.547
"2021-09-14 18:37:30",404,11.85,23.99,0.412,0.439,20.11,26.22,1.879,1.547
"2021-09-14 18:37:45",405,11.86,24.02,0.412,0.439,20.1,26.22,1.879,1.547
"2021-09-14 18:38:00",406,11.86,24.01,0.412,0.439,20.1,26.22,1.879,1.547
"2021-09-14 18:38:15",407,11.86,23.99,0.412,0.439,20.09,26.22,1.879,1.548
"2021-09-14 18:38:30",408,11.84,23.97,0.412,0.439,20.08,26.22,1.879,1.547
"2021-09-14 18:38:45",409,11.85,23.98,0.412,0.439,20.08,26.22,1.879,1.548
"2021-09-14 18:39:00",410,11.82,23.99,0.412,0.439,20.07,26.22,1.879,1.548
"2021-09-14 18:39:15",411,11.86,23.97,0.412,0.439,20.06,26.22,1.879,1.547
"2021-09-14 18:39:30",412,11.84,23.94,0.412,0.439,20.06,26.22,1.879,1.547
"2021-09-14 18:39:45",413,11.86,23.94,0.412,0.439,20.05,26.22,1.879,1.547
"2021-09-14 18:40:00",414,11.86,23.96,0.412,0.439,20.05,26.21,1.878,1.547
"2021-09-14 18:40:15",415,11.86,23.94,0.412,0.439,20.04,26.22,1.879,1.547
"2021-09-14 18:40:30",416,11.86,23.92,0.412,0.439,20.04,26.22,1.879,1.547
"2021-09-14 18:40:45",417,11.85,23.91,0.412,0.439,20.04,26.22,1.879,1.547
"2021-09-14 18:41:00",418,11.86,23.94,0.412,0.439,20.03,26.22,1.879,1.548
"2021-09-14 18:41:15",419,11.86,23.93,0.412,0.439,20.02,26.22,1.879,1.548
"2021-09-14 18:41:30",420,11.86,23.92,0.412,0.439,20.03,26.22,1.879,1.547
"2021-09-14 18:41:45",421,11.85,23.9,0.412,0.439,20.02,26.22,1.879,1.547
"2021-09-14 18:42:00",422,11.85,23.93,0.412,0.439,20.01,26.22,1.879,1.547
"2021-09-14 18:42:15",423,11.86,23.93,0.412,0.439,20.01,26.22,1.879,1.547
"2021-09-14 18:42:30",424,11.85,23.91,0.412,0.438,20.01,26.22,1.879,1.547
"2021-09-14 18:42:45",425,11.86,23.89,0.412,0.439,20,26.22,1.879,1.547
"2021-09-14 18:43:00",426,11.84,23.89,0.412,0.439,20,26.22,1.879,1.547
"2021-09-14 18:43:15",427,11.85,23.91,0.412,0.439,20,26.22,1.879,1.547
"2021-09-14 18:43:30",428,11.85,23.9,0.412,0.438,19.99,26.22,1.878,1.547
"2021-09-14 18:43:45",429,11.85,23.87,0.412,0.438,19.99,26.22,1.879,1.547
"2021-09-14 18:44:00",430,11.84,23.86,0.412,0.438,19.98,26.22,1.879,1.547
"2021-09-14 18:44:15",431,11.85,23.88,0.412,0.439,19.97,26.22,1.879,1.547
"2021-09-14 18:44:30",432,11.85,23.88,0.412,0.439,19.98,26.22,1.879,1.547
"2021-09-14 18:44:45",433,11.85,23.86,0.412,0.438,19.97,26.22,1.879,1.547
"2021-09-14 18:45:00",434,11.84,23.84,0.412,0.438,19.97,26.22,1.879,1.547
"2021-09-14 18:45:15",435,11.85,23.86,0.412,0.438,19.97,26.22,1.879,1.547
"2021-09-14 18:45:30",436,11.85,23.86,0.412,0.438,19.97,26.22,1.879,1.547
"2021-09-14 18:45:45",437,11.85,23.85,0.412,0.438,19.96,26.22,1.879,1.547
"2021-09-14 18:46:00",438,11.84,23.83,0.412,0.439,19.96,26.22,1.879,1.547
"2021-09-14 18:46:15",439,11.85,23.84,0.412,0.438,19.96,26.22,1.879,1.547
"2021-09-14 18:46:30",440,11.85,23.86,0.412,0.439,19.96,26.22,1.879,1.547
"2021-09-14 18:46:45",441,11.85,23.85,0.412,0.438,19.96,26.22,1.879,1.547
"2021-09-14 18:47:00",442,11.85,23.83,0.412,0.438,19.95,26.27,1.879,1.547
"2021-09-14 18:47:15",443,11.84,23.83,0.423,0.439,19.98,27.45,1.901,1.548
"2021-09-14 18:47:30",444,11.85,23.86,0.421,0.439,20.04,27.21,1.897,1.548
"2021-09-14 18:47:45",445,11.85,23.86,0.42,0.439,20.1,27.12,1.895,1.548
"2021-09-14 18:48:00",446,11.85,23.85,0.42,0.44,20.12,27.06,1.894,1.548
"2021-09-14 18:48:15",447,11.84,23.84,0.419,0.44,20.13,27,1.893,1.548
"2021-09-14 18:48:30",448,11.85,23.86,0.419,0.44,20.13,26.95,1.892,1.548
"2021-09-14 18:48:45",449,11.85,23.86,0.418,0.44,20.13,26.9,1.891,1.548
"2021-09-14 18:49:00",450,11.85,23.85,0.418,0.44,20.13,26.89,1.891,1.549
"2021-09-14 18:49:15",451,11.85,23.83,0.418,0.44,20.13,26.83,1.89,1.549
"2021-09-14 18:49:30",452,11.85,23.84,0.418,0.44,20.13,26.83,1.89,1.548
"2021-09-14 18:49:45",453,11.85,23.86,0.417,0.44,20.12,26.78,1.889,1.548
"2021-09-14 18:50:00",454,11.85,23.85,0.417,0.44,20.12,26.77,1.889,1.548
"2021-09-14 18:50:15",455,11.85,23.83,0.417,0.44,20.13,26.76,1.889,1.548
"2021-09-14 18:50:30",456,11.84,23.82,0.416,0.44,20.13,26.71,1.888,1.548
"2021-09-14 18:50:45",457,11.85,23.84,0.416,0.44,20.13,26.71,1.888,1.549
"2021-09-14 18:51:00",458,11.85,23.83,0.416,0.44,20.12,26.71,1.888,1.549
"2021-09-14 18:51:15",459,11.85,23.81,0.416,0.44,20.11,26.7,1.888,1.549
"2021-09-14 18:51:30",460,11.85,23.79,0.416,0.44,20.11,26.65,1.886,1.549
"2021-09-14 18:51:45",461,11.85,23.81,0.416,0.44,20.11,26.64,1.886,1.549
"2021-09-14 18:52:00",462,11.85,23.82,0.416,0.44,20.1,26.64,1.886,1.549
"2021-09-14 18:52:15",463,11.85,23.8,0.416,0.44,20.1,26.64,1.886,1.549
"2021-09-14 18:52:30",464,11.84,23.78,0.416,0.44,20.09,26.64,1.886,1.549
"2021-09-14 18:52:45",465,11.85,23.78,0.416,0.44,20.08,26.64,1.886,1.549
"2021-09-14 18:53:00",466,11.85,23.79,0.416,0.441,20.08,26.64,1.886,1.55
"2021-09-14 18:53:15",467,11.85,23.78,0.416,0.441,20.07,26.64,1.886,1.55
"2021-09-14 18:53:30",468,11.85,23.76,0.416,0.44,20.07,26.64,1.886,1.549
"2021-09-14 18:53:45",469,11.84,23.75,0.416,0.44,20.07,26.64,1.886,1.549
"2021-09-14 18:54:00",470,11.85,23.77,0.416,0.44,20.07,26.64,1.886,1.549
"2021-09-14 18:54:15",471,11.85,23.77,0.416,0.441,20.07,26.64,1.886,1.55
"2021-09-14 18:54:30",472,11.85,23.75,0.416,0.441,20.06,26.64,1.886,1.55
"2021-09-14 18:54:45",473,11.84,23.73,0.416,0.441,20.03,26.64,1.886,1.55
"2021-09-14 18:55:00",474,11.85,23.74,0.416,0.441,20.04,26.64,1.886,1.55
"2021-09-14 18:55:15",475,11.85,23.74,0.416,0.44,20.03,26.64,1.886,1.549
"2021-09-14 18:55:30",476,11.85,23.72,0.416,0.441,20.03,26.64,1.886,1.55
"2021-09-14 18:55:45",477,11.84,23.7,0.416,0.441,20.01,26.64,1.886,1.55
"2021-09-14 18:56:00",478,11.85,23.7,0.416,0.44,20.01,26.64,1.886,1.549
"2021-09-14 18:56:15",479,11.85,23.71,0.416,0.441,20,26.64,1.886,1.55
"2021-09-14 18:56:30",480,11.85,23.7,0.416,0.441,20,26.64,1.886,1.55
"2021-09-14 18:56:45",481,11.85,23.68,0.416,0.441,19.99,26.64,1.886,1.55
"2021-09-14 18:57:00",482,11.83,23.67,0.416,0.441,19.98,26.64,1.886,1.55
"2021-09-14 18:57:15",483,11.85,23.69,0.416,0.441,19.98,26.64,1.886,1.55
"2021-09-14 18:57:30",484,11.85,23.68,0.416,0.441,19.98,26.64,1.886,1.55
"2021-09-14 18:57:45",485,11.84,23.67,0.416,0.441,19.97,26.64,1.886,1.55
"2021-09-14 18:58:00",486,11.84,23.65,0.416,0.441,19.96,26.64,1.886,1.55
"2021-09-14 18:58:15",487,11.85,23.67,0.416,0.441,19.95,26.64,1.886,1.55
"2021-09-14 18:58:30",488,11.85,23.67,0.416,0.441,19.95,26.64,1.886,1.55
"2021-09-14 18:58:45",489,11.85,23.65,0.416,0.441,19.94,26.64,1.886,1.55
"2021-09-14 18:59:00",490,11.84,23.63,0.416,0.441,19.93,26.64,1.886,1.55
"2021-09-14 18:59:15",491,11.84,23.63,0.416,0.441,19.92,26.64,1.886,1.55
"2021-09-14 18:59:30",492,11.85,23.64,0.416,0.441,19.91,26.64,1.886,1.55
"2021-09-14 18:59:45",493,11.85,23.62,0.416,0.441,19.9,26.64,1.886,1.55
"2021-09-14 19:00:00",494,11.85,23.6,0.416,0.441,19.89,26.64,1.886,1.55
"2021-09-14 19:00:15",495,11.84,23.59,0.416,0.441,19.88,26.64,1.886,1.55
"2021-09-14 19:00:30",496,11.85,23.61,0.416,0.441,19.87,26.64,1.886,1.55
"2021-09-14 19:00:45",497,11.85,23.6,0.416,0.441,19.86,26.64,1.886,1.55
"2021-09-14 19:01:00",498,11.85,23.58,0.416,0.441,19.85,26.64,1.886,1.55
"2021-09-14 19:01:15",499,11.84,23.55,0.416,0.441,19.85,26.64,1.886,1.55
"2021-09-14 19:01:30",500,11.85,23.56,0.416,0.441,19.84,26.64,1.886,1.55
"2021-09-14 19:01:45",501,11.85,23.56,0.416,0.441,19.83,26.64,1.886,1.55
"2021-09-14 19:02:00",502,11.85,23.54,0.416,0.441,19.82,26.64,1.886,1.55
"2021-09-14 19:02:15",503,11.84,23.52,0.416,0.441,19.81,26.6,1.886,1.55
"2021-09-14 19:02:30",504,11.84,23.51,0.415,0.441,19.8,26.59,1.885,1.55
"2021-09-14 19:02:45",505,11.85,23.53,0.415,0.44,19.8,26.58,1.885,1.549
"2021-09-14 19:03:00",506,11.85,23.52,0.415,0.44,19.79,26.58,1.885,1.549
"2021-09-14 19:03:15",507,11.85,23.5,0.415,0.44,19.78,26.58,1.885,1.549
"2021-09-14 19:03:30",508,11.84,23.48,0.415,0.44,19.77,26.58,1.885,1.549
"2021-09-14 19:03:45",509,11.85,23.5,0.415,0.44,19.77,26.58,1.885,1.549
"2021-09-14 19:04:00",510,11.85,23.5,0.415,0.441,19.76,26.58,1.885,1.549
"2021-09-14 19:04:15",511,11.85,23.48,0.415,0.44,19.75,26.58,1.885,1.549
"2021-09-14 19:04:30",512,11.84,23.46,0.415,0.44,19.74,26.58,1.885,1.549
"2021-09-14 19:04:45",513,11.85,23.47,0.415,0.44,19.72,26.58,1.885,1.549
"2021-09-14 19:05:00",514,11.85,23.48,0.415,0.44,19.73,26.58,1.885,1.549
"2021-09-14 19:05:15",515,11.85,23.46,0.415,0.44,19.71,26.58,1.885,1.549
"2021-09-14 19:05:30",516,11.84,23.43,0.415,0.44,19.71,26.58,1.885,1.549
"2021-09-14 19:05:45",517,11.84,23.42,0.415,0.44,19.71,26.58,1.885,1.549
"2021-09-14 19:06:00",518,11.85,23.44,0.415,0.44,19.71,26.58,1.885,1.549
"2021-09-14 19:06:15",519,11.85,23.42,0.415,0.44,19.71,26.58,1.885,1.549
"2021-09-14 19:06:30",520,11.85,23.4,0.415,0.44,19.7,26.58,1.885,1.549
"2021-09-14 19:06:45",521,11.83,23.38,0.415,0.44,19.69,26.58,1.885,1.549
"2021-09-14 19:07:00",522,11.84,23.41,0.415,0.44,19.68,26.58,1.885,1.549
"2021-09-14 19:07:15",523,11.84,23.4,0.415,0.44,19.69,26.58,1.885,1.549
"2021-09-14 19:07:30",524,11.85,23.38,0.415,0.44,19.67,26.58,1.885,1.549
"2021-09-14 19:07:45",525,11.83,23.36,0.415,0.44,19.66,26.58,1.885,1.549
"2021-09-14 19:08:00",526,11.84,23.37,0.415,0.44,19.66,26.58,1.885,1.549
"2021-09-14 19:08:15",527,11.84,23.38,0.415,0.44,19.66,26.58,1.885,1.549
"2021-09-14 19:08:30",528,11.84,23.35,0.415,0.44,19.65,26.58,1.885,1.549
"2021-09-14 19:08:45",529,11.84,23.33,0.415,0.44,19.64,26.58,1.885,1.549
"2021-09-14 19:09:00",530,11.84,23.32,0.415,0.44,19.64,26.58,1.885,1.549
"2021-09-14 19:09:15",531,11.84,23.35,0.415,0.44,19.63,26.58,1.885,1.549
"2021-09-14 19:09:30",532,11.85,23.33,0.415,0.44,19.63,26.58,1.885,1.549
"2021-09-14 19:09:45",533,11.84,23.31,0.415,0.44,19.61,26.58,1.885,1.549
"2021-09-14 19:10:00",534,11.84,23.3,0.415,0.44,19.61,26.58,1.885,1.549
"2021-09-14 19:10:15",535,11.84,23.31,0.415,0.44,19.6,26.58,1.885,1.549
"2021-09-14 19:10:30",536,11.84,23.3,0.415,0.44,19.59,26.58,1.885,1.549
"2021-09-14 19:10:45",537,11.84,23.28,0.415,0.44,19.58,26.58,1.885,1.549
"2021-09-14 19:11:00",538,11.83,23.26,0.415,0.44,19.57,26.58,1.885,1.549
"2021-09-14 19:11:15",539,11.84,23.27,0.415,0.44,19.57,26.58,1.885,1.549
"2021-09-14 19:11:30",540,11.84,23.27,0.415,0.44,19.55,26.58,1.885,1.549
"2021-09-14 19:11:45",541,11.84,23.25,0.415,0.44,19.55,26.58,1.885,1.548
"2021-09-14 19:12:00",542,11.84,23.23,0.415,0.44,19.53,26.58,1.885,1.549
"2021-09-14 19:12:15",543,11.84,23.22,0.415,0.44,19.52,26.58,1.885,1.548
"2021-09-14 19:12:30",544,11.84,23.24,0.415,0.44,19.52,26.53,1.884,1.548
"2021-09-14 19:12:45",545,11.84,23.21,0.415,0.439,19.51,26.52,1.884,1.548
"2021-09-14 19:13:00",546,11.84,23.19,0.415,0.44,19.51,26.52,1.884,1.548
"2021-09-14 19:13:15",547,11.83,23.17,0.415,0.439,19.49,26.52,1.884,1.548
"2021-09-14 19:13:30",548,11.84,23.19,0.415,0.44,19.49,26.52,1.884,1.548
"2021-09-14 19:13:45",549,11.84,23.19,0.415,0.44,19.49,26.52,1.884,1.548
"2021-09-14 19:14:00",550,11.84,23.16,0.415,0.439,19.48,26.52,1.884,1.548
"2021-09-14 19:14:15",551,11.83,23.14,0.415,0.439,19.47,26.53,1.884,1.548
"2021-09-14 19:14:30",552,11.84,23.15,0.415,0.439,19.47,26.53,1.884,1.548
"2021-09-14 19:14:45",553,11.84,23.15,0.415,0.44,19.46,26.52,1.884,1.548
"2021-09-14 19:15:00",554,11.84,23.13,0.415,0.439,19.45,26.52,1.884,1.548
"2021-09-14 19:15:15",555,11.84,23.1,0.415,0.439,19.45,26.52,1.884,1.548
"2021-09-14 19:15:30",556,11.84,23.1,0.415,0.439,19.44,26.52,1.884,1.548
"2021-09-14 19:15:45",557,11.84,23.12,0.415,0.439,19.44,26.53,1.884,1.548
"2021-09-14 19:16:00",558,11.84,23.1,0.415,0.439,19.43,26.53,1.884,1.548
"2021-09-14 19:16:15",559,11.84,23.08,0.415,0.439,19.42,26.53,1.884,1.548
"2021-09-14 19:16:30",560,11.82,23.06,0.415,0.439,19.42,26.53,1.884,1.548
"2021-09-14 19:16:45",561,11.84,23.08,0.415,0.439,19.4,26.53,1.884,1.548
"2021-09-14 19:17:00",562,11.84,23.07,0.415,0.439,19.4,26.53,1.884,1.548
"2021-09-14 19:17:15",563,11.84,23.05,0.415,0.439,19.39,26.52,1.884,1.548
"2021-09-14 19:17:30",564,11.83,23.03,0.415,0.439,19.38,26.52,1.884,1.548
"2021-09-14 19:17:45",565,11.83,23.04,0.415,0.439,19.38,26.53,1.884,1.548
"2021-09-14 19:18:00",566,11.84,23.04,0.415,0.439,19.37,26.53,1.884,1.548
"2021-09-14 19:18:15",567,11.84,23.02,0.415,0.439,19.36,26.53,1.884,1.548
"2021-09-14 19:18:30",568,11.84,22.99,0.415,0.439,19.35,26.53,1.884,1.548
"2021-09-14 19:18:45",569,11.84,22.98,0.415,0.439,19.34,26.52,1.884,1.548
"2021-09-14 19:19:00",570,11.84,23,0.415,0.439,19.33,26.53,1.884,1.548
"2021-09-14 19:19:15",571,11.84,22.98,0.415,0.439,19.32,26.53,1.884,1.547
"2021-09-14 19:19:30",572,11.84,22.95,0.415,0.439,19.31,26.53,1.884,1.548
"2021-09-14 19:19:45",573,11.84,22.93,0.415,0.439,19.3,26.53,1.884,1.547
"2021-09-14 19:20:00",574,11.84,22.95,0.415,0.439,19.29,26.53,1.884,1.548
"2021-09-14 19:20:15",575,11.84,22.94,0.415,0.439,19.29,26.53,1.884,1.547
"2021-09-14 19:20:30",576,11.84,22.91,0.415,0.439,19.28,26.53,1.884,1.548
"2021-09-14 19:20:45",577,11.82,22.89,0.415,0.439,19.27,26.53,1.884,1.548
"2021-09-14 19:21:00",578,11.84,22.89,0.415,0.439,19.26,26.53,1.884,1.548
"2021-09-14 19:21:15",579,11.84,22.89,0.415,0.439,19.24,26.53,1.884,1.547
"2021-09-14 19:21:30",580,11.84,22.87,0.415,0.439,19.23,26.53,1.884,1.547
"2021-09-14 19:21:45",581,11.83,22.84,0.415,0.439,19.23,26.53,1.884,1.547
"2021-09-15 11:05:00",0,10.14,24.48,"NAN","NAN","NAN","NAN","NAN","NAN"
"2021-09-15 11:10:00",1,12.38,24.78,0.033,0.056,23.07,3.123,1.211,1.07
"2021-09-15 11:15:00",2,12.37,25.18,0.027,0.047,23.04,2.747,1.184,1.058
"2021-09-15 11:20:00",3,12.37,25.12,0,0,23.02,1,1.053,1
"2021-09-15 11:25:00",4,12.38,24.72,0,0,22.73,1,1.046,1
"2021-09-15 11:30:00",5,12.37,24.97,0.031,0.01,23.01,2.554,1.14,1.013
"2021-09-15 11:35:00",6,12.37,28.02,0.083,0.027,24.27,5.152,1.288,1.034
"2021-09-15 11:40:00",7,12.37,29.78,0.06,0.018,24.71,4.045,1.23,1.022
"2021-09-15 11:45:00",8,12.37,29.61,0.051,0.008,24.83,3.848,1.225,1.009
"2021-09-15 11:50:00",9,12.37,31.12,0.051,0.008,24.83,3.848,1.225,1.009
"2021-09-15 11:55:00",10,12.37,32.1,0.051,0.008,24.58,3.848,1.225,1.009
"2021-09-15 12:00:00",11,12.37,32.61,0.051,0.008,24.25,3.848,1.225,1.009
"2021-09-15 12:05:00",12,12.36,32.6,0.08,0.016,23.68,5.003,1.279,1.019
"2021-09-15 12:10:00",13,12.36,31.49,0.078,0.014,22.63,4.945,1.276,1.018
"2021-09-15 12:15:00",14,12.36,33.13,0.077,0.013,22.75,4.897,1.274,1.016
"2021-09-15 12:20:00",15,12.36,33.02,0.077,0.013,22.34,4.872,1.272,1.016
"2021-09-15 12:25:00",16,12.37,33.33,0.076,0.013,22.44,4.852,1.272,1.016
"2021-09-15 12:30:00",17,12.37,36.06,0.076,0.013,23.53,4.853,1.272,1.015
"2021-09-15 12:35:00",18,12.37,38.02,0.152,0.099,24.37,8.22,1.416,1.122
"2021-09-15 12:40:00",19,12.38,39.63,0.136,0.094,24.87,7.461,1.39,1.116
"2021-09-15 12:45:00",20,12.38,40.17,0.127,0.087,25.14,7.046,1.374,1.107
"2021-09-15 12:50:00",21,12.38,39.5,0.122,0.082,25.16,6.825,1.366,1.102
"2021-09-15 12:55:00",22,12.38,37.26,0.118,0.079,24.51,6.66,1.359,1.098
"2021-09-15 13:00:00",23,12.38,35.09,0.116,0.076,23.95,6.535,1.354,1.094
"2021-09-15 13:05:00",24,12.38,33.46,0.191,0.145,23.61,10.16,1.483,1.179
"2021-09-15 13:10:00",25,12.37,32.35,0.176,0.134,23.35,9.37,1.459,1.166
"2021-09-15 13:15:00",26,12.37,32.01,0.163,0.124,23.28,8.76,1.438,1.153
"2021-09-15 13:20:00",27,12.37,31.63,0.154,0.116,22.91,8.3,1.422,1.143
"2021-09-15 13:25:00",28,12.37,31.48,0.147,0.11,22.8,7.984,1.411,1.136
"2021-09-15 13:30:00",29,12.37,31.11,0.142,0.106,22.5,7.741,1.402,1.131
"2021-09-15 13:35:00",30,12.37,30.86,0.138,0.102,22.35,7.558,1.395,1.126
